% gtversion 1.0

% Quick Guitar Instrument

SR = 44100

string_def = [1.0200 200000000000 12.10 0.000200 7850 15 5;1.0200 200000000000 12.30 0.000150 7850 15 5;1.0200 200000000000 21.90 0.000150 7850 15 5;1.0200 200000000000 39.20 0.000150 7850 15 7;1.0200 200000000000 27.60 0.000100 7850 15 5;1.0200 200000000000 49.20 0.000100 7850 15 8];

output_def = [1 0.89; 2 0.89; 3 0.89; 4 0.89; 5 0.89; 6 0.89];

normalize_outs = 1;

pan = [0.711113887712 0.541159048013 -0.696331308304 -0.0161432008098 -0.689961664802 -0.646556151107 ];

barrier_params_def = [10000000000.00 1.30 10.0 20.0 0.0000000000010];

backboard = [-0.002000 -0.000000 -0.000200];

frets = fret_def_gen(20, 1, -0.001000);

finger_params = [0.005000 10000000.000000 1.600000 120.000000];

